epoch:0 0.2618  0.4725  0.2609  0.1478  0.3052  0.3398  0.2359  0.3904  0.4143  0.2295  0.4621  0.5321  1.0458  0.010000
epoch:1 0.2834  0.4914  0.2949  0.1569  0.3247  0.3696  0.2531  0.4125  0.4376  0.2466  0.4825  0.5555  0.8835  0.010000
epoch:2 0.2985  0.5082  0.3142  0.1721  0.3402  0.3943  0.2604  0.4250  0.4501  0.2683  0.4906  0.5829  0.8517  0.010000
epoch:3 0.3034  0.5156  0.3181  0.1721  0.3430  0.3906  0.2624  0.4300  0.4587  0.2748  0.4964  0.5815  0.8337  0.010000
epoch:4 0.3083  0.5168  0.3243  0.1772  0.3463  0.3934  0.2643  0.4345  0.4612  0.2803  0.4980  0.5780  0.8210  0.010000
epoch:5 0.3108  0.5179  0.3288  0.1832  0.3560  0.3968  0.2680  0.4367  0.4633  0.2715  0.5073  0.5955  0.8110  0.010000
epoch:6 0.3216  0.5267  0.3443  0.1742  0.3599  0.4191  0.2760  0.4418  0.4664  0.2638  0.5021  0.5972  0.8019  0.010000
epoch:7 0.3138  0.5210  0.3336  0.1813  0.3585  0.3984  0.2737  0.4442  0.4708  0.2799  0.5152  0.5844  0.7955  0.010000
epoch:8 0.3653  0.5785  0.3917  0.2111  0.4039  0.4696  0.2997  0.4821  0.5102  0.3163  0.5500  0.6402  0.7168  0.001000
epoch:9 0.3667  0.5799  0.3956  0.2133  0.4064  0.4771  0.3005  0.4797  0.5081  0.3150  0.5463  0.6450  0.6933  0.001000
epoch:10 0.3700  0.5830  0.3953  0.2127  0.4047  0.4841  0.3027  0.4815  0.5080  0.3128  0.5430  0.6483  0.6803  0.001000
epoch:11 0.3713  0.5846  0.3993  0.2137  0.4074  0.4881  0.3021  0.4814  0.5083  0.3131  0.5444  0.6491  0.6655  0.000100
